3,2
10,94
10,16
10,254
10,192
10,188
10,136
10,24
10,240
10,2
10,3
11,5
11,6
11,10
11,8
11,2
11,3
9,4
9,6
8,6
8,18
8,15
8,13
8,8
8,2
8,3
125,5
125,4
125,3
125,2
125,1
125,0
123,5
123,4
123,3
123,2
123,1
123,0
120,3
20,2
120,2
20,1
120,1
120,0
119,3
20,3
119,2
119,1
119,0
118,5
118,4
118,3
118,2
118,1
118,0
117,4
117,3
117,2
117,1
117,0
116,4
116,3
19,2
116,2
19,1
116,1
116,0
115,4
115,3
19,3
115,2
115,1
115,0
113,3
113,2
113,1
113,0
12,3
12,2
12,1
11,30
11,29
11,28
11,27
11,26
11,25
11,24
11,23
11,22
11,21
11,18
11,17
11,15
11,14
11,1
11,11
18,1
10,267
18,3
10,251
14,1
10,179
10,33
10,1
14,3
13,1
10,13
9,7
9,5
9,3
13,3
9,2
9,1
8,17
8,16
8,12
